15
21111111111111111111111111111111111111111111111111
21111111111111111111111111111111111111111111111111
21111111111111111111111111111111111111111111111111
21111111111111111111111111111111111111111111111111
21111111111111111111111111111111111111111111111111
21111111111111111111111111111111111111111111111111
21111111111111111111111111111111111111111111111111
21111111111111111111111111111111111111111111111111
21111111111111111111111111111111111111111111111111
21111111111111111111111111111111111111111111111111
21111111111111111111111111111111111111111111111111
21111111111111111111111111111111111111111111111111
21111111111111111111111111111111111111111111111111
21111111111111111111111111111111111111111111111111
11111111111111111111111111111111111111111111111112
6
