15
36753562912709360626187920237592289736129319478450
36106320615547656937452547443078688431492068926649
50487172722610615949091771159776736563948129390885
09638561159848103044447631759621785741859753883189
64333860488897764303092540594692247754812893680210
51108506462586284724062990813110340391969338056640
04626756987282996027613215991491075870480429610422
20552902838040919625449936050294351743146942264128
89288868383338047689068790333732652658796041048708
62479392830178915492574994593570819978253490201962
12073119056774064748582606646289607010137726452029
09945103788604676097597853383793787419098858437138
09799324371220217517417111704085166219648081022975
64637974917060853941541554983852227034636334439725
89024765713338510876350804113593415083565990763761
97